1110 00 1 1101 0 0000 0000 0000 0000 0111
1110 00 1 1101 0 0000 0001 0000 0000 0101
1110 00 1 1101 0 0000 0010 0000 0000 0010
1110 00 1 1101 0 0000 0011 0000 0000 0100
1110 01 0 1100 1 0011 0100 0000 0000 0000
1110 00 0 0010 0 0000 0101 0000 0000 0001
1110 00 1 1010 1 0101 0000 0000 0000 0011
1100 10 1 0000 0 0000 0000 0000 0000 0010
1110 00 0 1101 0 0000 0010 0010 1000 0010
1110 00 1 1101 0 0000 0100 0000 0000 0111
1110 10 1 0000 0 0000 0000 0000 0000 0001
1110 00 1 1101 0 0000 0010 0000 0000 0110
1110 00 0 1101 0 0000 0011 0001 0000 0011