1110 00 1 1101 0 0000 0000 0000 0000 0111
1110 00 1 1101 0 0000 0001 0000 0000 0101
1110 00 1 1101 0 0000 0010 0000 0000 0010
1110 00 1 1101 0 0000 0011 0000 0000 0100
1110 01 0 1100 1 0011 0100 0000 0000 0000
1110 00 0 0010 0 0000 0101 0000 0000 0001
1110 00 1 1010 1 0101 0000 0000 0000 0011
1100 10 1 0000 0 0000 0000 0000 0000 0010
1110 00 0 1101 0 0000 0010 0010 1000 0010
1110 00 1 1101 0 0000 0100 0000 0000 0111
1110 10 1 0000 0 0000 0000 0000 0000 0001
1110 00 1 1101 0 0000 0010 0000 0000 0110
1110 00 0 1101 0 0000 0011 0001 0000 0011




10111000000 000000000 00 00111 00000
10111000000 000000100 00 00101 00001
10111000000 000001000 00 00010 00010
10111000000 000001100 00 00100 00011
10111000000 000001100 00 00100 00100
1101000100 000000000000 00001 00000
11001011000 00000 000000 00001 00101
xxxxxxxxxxxxxxxxxxxxxxxxxxxxxxxxxxx // compare (A-B) > 3
000101 00000000000000000000011000
10111000000 000010000 00 00110 00100
11010011011 00011 000010 00000 00011
000101 00000000000000000000011100
11010011011 00010 000111 00000 00010
10111000000 000001100 00 00111 00100
